camera_matrix:
  rows: 3
  cols: 3
  data:
    - 966.804
    - 0.0
    - 955.617
    - 0.0
    - 966.804
    - 528.355
    - 0.0
    - 0.0
    - 1.0