camera_matrix:
  rows: 3
  cols: 3
  data:
    - 607.849304199219
    - 0.0
    - 430.247039794922
    - 0.0
    - 607.718566894531
    - 248.625473022461
    - 0.0
    - 0.0
    - 1.0

distortion_coefficients:
  rows: 1
  cols: 5
  data:
    - 0.0
    - 0.0
    - 0.0
    - 0.0
    - 0.0

